1
2
4
6
9
14
22
33
49
74
112
169
254
381
573
862
1292
1936
2902
4352
6525
9788
14687
22028
33050
49576
74378
111579
167387
251089
376630
564931
847375
1271058
1906627
2859983
4289952
6434942
9652396
14478572
21717701
32576180
48864152
73296042
109943784
164914966
247371285
371055742
556582009
834871315
1252304937
1878455740
2817681107
4226519554
6339778332
9509664525
14264499248
21396749214
32095130126
48142700661
72214051911
108321084380
162481618616
243722396310
365583569409
548375324708
822562985455
1233844440623
1850766589061
2776149811550
4164224619298
6246336808526
9369505173816
14054257715941
21081386520900
31622079790659
47433119739701
71149679836677
106724519975223
160086779647010
240130168761153
360195252931023
540292878580613
810439315839385
1215658972597102
1823488458372245
2735232685605257
4102849027529731
6154273540233517
9231410310381028
13847115469498043
20770673213279375
31156009826691760
46734014749643757
70101022143175592
105151533232524155
157727299873367187
236590949831723120
354886424763270153
532329637135234861